_x_00000_y_00000_step_06200_	0.1756091831587889	-0.0192326741624124	-0.1760007351119508	174.5342721398079391	39.8235537199079346	-80.3083065467263424	0.1292935120587078	0.9915153864946946	0.0134322776847838	0.7570590423101180	-0.1074509344685879	0.6444500780807731	0.6404254790340655	-0.0731541866614851	-0.7645283976268534
_x_00000_y_00160_step_06200_	0.1733839022288777	0.0355193293768142	-0.1760564959813730	-170.7190606337905479	39.2107966205909975	-103.1958115989815354	-0.1768769043666992	0.9841247843501486	0.0145934755773522	0.7543665729151317	0.1260290323243690	0.6442420016419782	0.6321753193299574	0.1249603610716468	-0.7646824659889296
_x_00000_y_00320_step_06200_	0.1540914667058146	0.0877749715706672	-0.1764411057476721	-157.7357558077413273	34.1375019172181950	-124.6830781405496396	-0.4709877952191073	0.8819940413450590	0.0160314623928778	0.6806221653630430	0.3517733396408561	0.6426577514777534	0.5611808663623232	0.3135953260967529	-0.7659856439118842
_x_00000_y_00480_step_06200_	0.1191202118328825	0.1319045750759899	-0.1768692778363155	-148.3753019939228750	25.6599705790805359	-143.1428384247662393	-0.7212240210220467	0.6924276681240936	0.0194893795955790	0.5406675602254182	0.5451185441877484	0.6407217509204159	0.4330294456739457	0.4726411928713574	-0.7675257663300012
_x_00000_y_00640_step_06200_	0.0724695160716943	0.1631804768982805	-0.1765599189060946	-142.6077812423627904	15.2896814775128078	-158.9491595509408342	-0.9002291856919424	0.4348293418851227	0.0226021384867353	0.3464824284084883	0.6839537068499003	0.6419947458433264	0.2636993364280227	0.5857736510991522	-0.7663758148880931
_x_00000_y_00800_step_06200_	0.0206188865899207	0.1779541812762311	-0.1767097299132099	-140.2722689020936002	4.3124963101586831	-172.5762408662751000	-0.9888101580287643	0.1470297569293252	0.0252333500834540	0.1288409909502846	0.7564337346748171	0.6412550226679374	0.0751962128705919	0.6373305701307700	-0.7669128203040477
_x_00000_y_00960_step_06200_	-0.0372414706084826	0.1763860205076364	-0.1757586300768676	-140.3829127562939618	-7.6967245530075088	173.1210084666056446	-0.9838570370091144	-0.1770496684645516	0.0260527469614811	-0.1186937691258455	0.7545491260572550	0.6454203324477260	-0.1339295333313270	0.6319090371745172	-0.7633831599130463
_x_00000_y_01120_step_06200_	-0.0923863743247283	0.1557658825890834	-0.1748921066898015	-143.7394953709073206	-19.4741175482386915	157.8239751836188134	-0.8730525379670369	-0.4869492352584124	0.0256847859746499	-0.3558600475897007	0.6722638635069316	0.6491724919866746	-0.3333810019763763	0.5576215025480822	-0.7602074502510789
_x_00000_y_01280_step_06200_	-0.1382063993689301	0.1181119563808005	-0.1739206520774819	-150.8650447825633023	-29.9485386952291108	140.1514609734297778	-0.6652276950113312	-0.7462919322119463	0.0228137174803131	-0.5552022580706084	0.5148625695512991	0.6531975100291880	-0.4992219610786468	0.4218588465238025	-0.7568438063341717
_x_00000_y_01440_step_06200_	-0.1690931864818425	0.0673520524594587	-0.1734385588068434	-162.4820445360016379	-37.6620449442610763	118.9823739739008346	-0.3835760782955554	-0.9233134839452375	0.0190158492923537	-0.6924918847246141	0.3011860118287761	0.6555470813520780	-0.6110027673832207	0.2382838572870264	-0.7549148439436478
_x_00000_y_01600_step_06200_	-0.1816259390579888	0.0098919991567643	-0.1730309836684066	-177.6856258142052525	-41.0460726018025568	94.8137870894181418	-0.0632891459594812	-0.9978851769379101	0.0148208519092258	-0.7515215578193737	0.0574249313704568	0.6572044776093970	-0.6566656928273791	0.0304557203936140	-0.7535665975604573
_x_00000_y_01760_step_06200_	-0.1750920276494703	-0.0472174356077795	-0.1731231636605792	166.8400861327965856	-39.2669152850455347	70.6408006580155217	0.2566410015994690	-0.9664498065926803	0.0104960771239640	-0.7304314105419740	-0.1868316437855605	0.6569352261631641	-0.6329339229269391	-0.1762631788473024	-0.7538739556391106
_x_00000_y_01920_step_06200_	-0.1514564961917825	-0.0976276094447774	-0.1743510267983845	154.7446833719241681	-33.0238839811605658	49.7950806319914392	0.5412347592194051	-0.8408364966092007	0.0076760264901995	-0.6403533174261968	-0.4062356804607514	0.6518590344406181	-0.5449885909576251	-0.3577241365781124	-0.7583013107172285
_x_00000_y_02080_step_06200_	-0.1133221049286310	-0.1382829986072808	-0.1757476204250632	146.5908846291145835	-23.8712645799758256	32.2623130403666494	0.7732768684040161	-0.6340147646581863	0.0082560878570346	-0.4881337362357966	-0.5869416562152616	0.6459295222760510	-0.4046830121709586	-0.5035124332076719	-0.7633524017552636
_x_00000_y_02240_step_06200_	-0.0648996280631629	-0.1656448893487708	-0.1760738655941980	141.7648342739380496	-13.2400492148676694	17.0753669265306591	0.9305100983714201	-0.3661362922148195	0.0097556318091180	-0.2858244278879647	-0.7092322449103264	0.6444330990894060	-0.2290313368326015	-0.6024399043080092	-0.7645984622310118
_x_00000_y_02400_step_06200_	-0.0107135656516126	-0.1769132168939892	-0.1761015236077181	139.9212374607600964	-1.8969009343194509	3.2220893059701261	0.9978720431439031	-0.0642850543771666	0.0109003346525626	-0.0561756301345722	-0.7627526510926262	0.6442458318298647	-0.0331011191774068	-0.6434872376627956	-0.7647407997970996
_x_00000_y_02560_step_06200_	0.0437321512080715	-0.1712199366829865	-0.1761857483748007	140.8506248807089776	9.4373232835887393	-10.3045184097126477	0.9705547916550361	0.2405727114198549	0.0121723833142596	0.1764587667574289	-0.7444767434173517	0.6439073552500717	0.1639685946451251	-0.6227994452717456	-0.7650066345720854
_x_00000_y_02720_step_06200_	0.0935004916485215	-0.1495686626690122	-0.1761314484980797	144.5408785807567824	20.1232575410318830	-24.6305792870064444	0.8535227644518599	0.5208943755696330	0.0129591690465615	0.3913243851865194	-0.6572381549998676	0.6441298263322097	0.3440408640275860	-0.5447082311772893	-0.7648063982256298
_x_00000_y_02880_step_06200_	0.1342226614145098	-0.1143465856946976	-0.1759649092531163	151.3631334173651624	29.4523744405031884	-40.7287018722399665	0.6598720946325840	0.7512412983063366	0.0143293560293610	0.5681549058295581	-0.5113518214963756	0.6447629933814014	0.4916999305542080	-0.4173198130586998	-0.7642482266395121
_x_00000_y_03040_step_06200_	0.1625048065019819	-0.0686857667458612	-0.1759166896719785	161.7436382135951760	36.4387434785412694	-59.6426652920782345	0.4065834737747265	0.9134944522943061	0.0147568452184740	0.6941885971579486	-0.3193938577875313	0.6450501958634522	0.5939630210957205	-0.2520227157125404	-0.7639976965513184
_x_00050_y_00000_step_06200_	0.2081986029723402	-0.0206831108134811	-0.1441817991419976	173.0435767836750927	49.4143618802642663	-79.7885522392502082	0.1153364075012107	0.9932214315135710	0.0144464904681920	0.6402787620924243	-0.0854547954381970	0.7633744721629148	0.7594344079103263	-0.0787950881638498	-0.6457946377627667
_x_00050_y_00160_step_06200_	0.2048468610350950	0.0443316991712663	-0.1443844801243462	-166.3701304538952286	48.2982078338965195	-106.8109977159422215	-0.1924017142911164	0.9811902361351467	0.0157258020747768	0.6368234269469857	0.1126502111835416	0.7627357686720879	0.7466173740473344	0.1567662286124115	-0.6465190224094758
_x_00050_y_00320_step_06200_	0.1818862361569523	0.1052417093719074	-0.1443173255560070	-149.7129186143643267	41.5437969169957881	-130.0706801620444537	-0.4818006537442064	0.8761101919337370	0.0172933987835243	0.5727512794935111	0.2999153747808639	0.7628936621892989	0.6631923566283027	0.3774674814601711	-0.6462926570447121
_x_00050_y_00480_step_06200_	0.1407579446410914	0.1570835306388449	-0.1439343878483696	-138.7552911425440243	30.9368492758902498	-148.2048447230293675	-0.7290204563875849	0.6842330918527246	0.0188215350622249	0.4519264970609868	0.4604919649306037	0.7640088949014517	0.5140930026975896	0.5654840636552128	-0.6449311268107346
_x_00050_y_00640_step_06200_	0.0849219408966220	0.1939323204064246	-0.1436495646260461	-132.6485044421999930	18.1337908881603234	-162.4982735353588907	-0.9063394511664815	0.4220722093766688	0.0200960028647211	0.2857977568223857	0.5772912174192101	0.7648885490618477	0.3112369538704139	0.6989920603000750	-0.6438490958158767
_x_00050_y_00800_step_06200_	0.0206836630488388	0.2113826581522649	-0.1438889152889650	-130.2921087356332066	4.4666535989860572	-174.6539378497229222	-0.9926261561370608	0.1193965913306234	0.0209229092430316	0.0928880801392848	0.6383371177906223	0.7641318790750709	0.0778788721066356	0.7604407787785912	-0.6447206396959911
_x_00050_y_00960_step_06200_	-0.0487912830027777	0.2075986692690550	-0.1430086347654130	-130.6467609433165080	-9.9933335794409501	173.0421496402092885	-0.9775752207342912	-0.2096064826801823	0.0202931078138672	-0.1193012148277554	0.6306464897431652	0.7668456331721825	-0.1735335931366733	0.7472282967025984	-0.6415106894354989
_x_00050_y_01120_step_06200_	-0.1140938680070185	0.1808639606154828	-0.1423047158241203	-134.4687748772401790	-24.2005434329506315	159.4438986096365340	-0.8540407237611189	-0.5198839017620642	0.0183076717863657	-0.3202662264237817	0.5531994013906769	0.7690253354170249	-0.4099316850035577	0.6509156250925684	-0.6389560725437196
_x_00050_y_01280_step_06200_	-0.1671454559936056	0.1338956500600583	-0.1417707986452736	-142.9307484166621975	-37.0166261429519281	142.5487931791220433	-0.6338752855344518	-0.7732933454747537	0.0148163501943255	-0.4855325295834146	0.4127607609802209	0.7706404589115208	-0.6020467466110488	0.4812961209478964	-0.6370979193621333
_x_00050_y_01440_step_06200_	-0.2015307721719910	0.0722365539936407	-0.1417445355004372	-157.9331215499310019	-46.5892927708012294	119.9943118186520650	-0.3435525522608238	-0.9390668668875117	0.0111831725886005	-0.5951869271938811	0.2269262041819936	0.7708806778957802	-0.7264462578419553	0.2581819462503613	-0.6368813995539480
_x_00050_y_01600_step_06200_	-0.2137082064425484	0.0036565734331945	-0.1414468401567529	-179.1419863877399052	-50.5088950204065057	91.7717995081019779	-0.0196630754707672	-0.9997671328302005	0.0088906453934273	-0.6356543678091007	0.0193646146987730	0.7717308704352708	-0.7717233235740928	0.0095232247715157	-0.6358871126557822
_x_00050_y_01760_step_06200_	-0.2035246921836155	-0.0629395821495614	-0.1421124598384857	160.0524679307142151	-47.2360549848840492	64.1478141604047210	0.2960696287972524	-0.9551469259329604	0.0060930111334980	-0.6110285327436946	-0.1844915446055935	0.7698097181395739	-0.7341572767990143	-0.2316402811469936	-0.6382443678350775
_x_00050_y_01920_step_06200_	-0.1732665887037038	-0.1222737036534073	-0.1432461100715200	145.2270944956226231	-38.5499718566609673	42.3015465047958585	0.5784253250843167	-0.8157185396521991	0.0052352047511411	-0.5263550893677248	-0.3683195911744342	0.7663491362647917	-0.6231969698239856	-0.4460313249366927	-0.6424029840975377
_x_00050_y_02080_step_06200_	-0.1264441680106004	-0.1690849341177977	-0.1438517563978956	136.3209168044361945	-26.9567486131896779	25.8093868628967371	0.8024346488888284	-0.5967143260440028	0.0055360054655293	-0.3880742651314664	-0.5147725431657990	0.7644655607319981	-0.4533177682435750	-0.6155820350663810	-0.6446407985058016
_x_00050_y_02240_step_06200_	-0.0678445197066087	-0.1990583005925764	-0.1440905398038775	131.6946676183484612	-13.9532883093297606	12.6172857682775827	0.9470561173754491	-0.3210004406199249	0.0065899668856376	-0.2119921397819758	-0.6097676150565361	0.7637033378864617	-0.2411307595733050	-0.7246669391866023	-0.6455337202947047
_x_00050_y_02400_step_06200_	-0.0033478113388360	-0.2096884962627254	-0.1441957735064422	130.2322802012243415	-0.4205262262519248	0.9752763509171248	0.9998282023413405	-0.0165960335101200	0.0082545426654260	-0.0170205030160391	-0.6456989647951260	0.7634023508868594	-0.0073395013430998	-0.7634116966186943	-0.6458705080631885
_x_00050_y_02560_step_06200_	0.0608316845087043	-0.2000084610394422	-0.1445489891263703	131.6259665544648669	13.0222221063483019	-10.5758836650548229	0.9577323004349353	0.2874891366495738	0.0099416805465647	0.1788175240031239	-0.6220672291359087	0.7622707232634380	0.2253289457948077	-0.7282735466455275	-0.6471819739789924
_x_00050_y_02720_step_06200_	0.1186437264533783	-0.1717335606158931	-0.1445843947868742	135.9550581772029716	25.7705040927250089	-23.3408542951460660	0.8268459928679668	0.5623110844574279	0.0114868783617658	0.3567952850982522	-0.5402159382922885	0.7621442544208015	0.4347675569886097	-0.6260774587152085	-0.6473053275532823
_x_00050_y_02880_step_06200_	0.1650225450396838	-0.1277389866655462	-0.1443602289341819	144.1646826581579148	37.1117449417470979	-38.8814034111770397	0.6207804898035321	0.7838718847430404	0.0132835156747370	0.5005741228971433	-0.4093516550825560	0.7627953657219791	0.6033714701285129	-0.4668790965448822	-0.6465035021130139
_x_00050_y_03040_step_06200_	0.1961167141076711	-0.0717965772042579	-0.1442540314240901	157.7612942218763408	45.7347752579951958	-59.1969865222232343	0.3574276065188828	0.9338304492244706	0.0143596030379132	0.5995186941201659	-0.2412033858424146	0.7631502224717008	0.7161164999486014	-0.2641621069710383	-0.6460615603346068
_x_00100_y_00000_step_06200_	0.2398084354717612	-0.0118426066912412	-0.1016646204578135	174.3245804910502557	60.6242372523095270	-82.7593126659909046	0.0618259393162120	0.9980242238476505	0.0111893628488196	0.4866233710151994	-0.0399297835670354	0.8726988639651673	0.8714213951983695	-0.0485104215358326	-0.4881306085392961
_x_00100_y_00160_step_06200_	0.2322417942933849	0.0629941663269616	-0.1013851493736895	-155.4640018481696302	57.6216435861128602	-117.5007464226793985	-0.2472761768694154	0.9688497939375501	0.0135856225478367	0.4749980076552125	0.1089875520161087	0.8732116617573970	0.8445302748134168	0.2223775849601365	-0.4871517470263987
_x_00100_y_00320_step_06200_	0.2018609332106009	0.1322774954940450	-0.1009314200481170	-135.7447318237345257	47.3206850178776506	-141.9975562810331837	-0.5341702016090432	0.8452481918145457	0.0147543196113974	0.4173761915341190	0.2485107580747184	0.8740935406817758	0.7351593775865405	0.4730728245792288	-0.4855335129434434
_x_00100_y_00480_step_06200_	0.1515641196014432	0.1888141652128821	-0.1004098318096018	-125.5004458192147894	33.6031363042709685	-157.4037661301061348	-0.7689544698088236	0.6391009208408213	0.0160946059736032	0.3200255516522131	0.3630109417783888	0.8751038238054177	0.5534371415533368	0.6780656820172966	-0.4836675110235238
_x_00100_y_00640_step_06200_	0.0850509237322819	0.2275132290028116	-0.0997653122948309	-120.4502504147308031	18.2264762684455341	-168.4765159995907595	-0.9306818568240197	0.3654390260854576	0.0168996920773057	0.1897466482123588	0.4427101802808273	0.8763583204191610	0.3127738653896313	0.8188174488183734	-0.4813631629443611
_x_00100_y_00800_step_06200_	0.0093345434105761	0.2434396980364998	-0.0990397485141943	-118.6266548628581745	2.2105866354820050	-177.6812541443423470	-0.9984376271513946	0.0532134088399513	0.0170481027661649	0.0404285945963960	0.4773381505549552	0.8777891653260110	0.0385724438849002	0.8771069622026765	-0.4787437137220072
_x_00100_y_00960_step_06200_	-0.0679907337038712	0.2345801862883226	-0.0983201455698941	-119.3832798176178329	-13.9807134052404205	173.2827970974814491	-0.9637160245847727	-0.2664614098046253	0.0158031972541555	-0.1135039704273177	0.4626576665199783	0.8792409978541279	-0.2415952662113993	0.8455449134701359	-0.4761150351007867
_x_00100_y_01120_step_06200_	-0.1394519179237220	0.2009054938027482	-0.0979422548442895	-123.2383765334531773	-29.9852892736736862	162.6368891676815451	-0.8266854318941623	-0.5625394878873784	0.0118541664139241	-0.2584831063613994	0.3984010273313573	0.8800358544667828	-0.4997776309717400	0.7244487186742238	-0.4747592796265818
_x_00100_y_01280_step_06200_	-0.1960971264630122	0.1464084512021656	-0.0980183712015877	-131.9635458756224580	-44.7491836314091529	148.0949587079612684	-0.6029027694457594	-0.7977870835461274	0.0066347510577626	-0.3753475271256431	0.2909759100625293	0.8800268482517719	-0.7040046054361425	0.5280802865949906	-0.4748775910005170
_x_00100_y_01440_step_06200_	-0.2321476026924643	0.0769806657832143	-0.0983746179179913	-149.8168416730590309	-56.5818530878030188	125.1567938560731506	-0.3171278303436864	-0.9483725657407112	0.0044063331565289	-0.4502778426301052	0.1546549723747214	0.8793928041302999	-0.8346734712795689	0.2768958578060611	-0.4760765487523629
_x_00100_y_01600_step_06200_	-0.2441487191982778	0.0005219315965092	-0.0988724698333103	-179.9330580868237348	-61.4488067414656314	90.2128524317002984	-0.0017755454882523	-0.9999962295327328	0.0020948409335460	-0.4779404867402147	0.0026886985692706	0.8783881044473054	-0.8783904249095311	0.0005584087403636	-0.4779434585878674
_x_00100_y_01760_step_06200_	-0.2315604480477710	-0.0754047570553414	-0.0994351384573995	150.2333222572729028	-56.4343230447490356	55.6427754730863242	0.3120253395363298	-0.9500723421094609	0.0016529506592316	-0.4564321320934385	-0.1483763416588852	0.8772993616939223	-0.8332526005239209	-0.2744940910011897	-0.4799407231373000
_x_00100_y_01920_step_06200_	-0.1962190371278253	-0.1429342120201164	-0.0998562755257915	132.8297671995052838	-44.8978499316516420	33.3325392814828945	0.5918368255944498	-0.8060551214724332	0.0020767807650435	-0.3892454535587395	-0.2835410116279332	0.8764088495724238	-0.7058449891825661	-0.5194994089246582	-0.4815633035985968
_x_00100_y_02080_step_06200_	-0.1420247413048775	-0.1958403083094045	-0.1004314443712331	124.2196650506182038	-30.6703928120722615	19.2679971262556933	0.8119369367466035	-0.5837414955756220	0.0020681125884082	-0.2838272419858569	-0.3916797884310286	0.8752308495713153	-0.5100985272016030	-0.7112192416391450	-0.4837010263261752
_x_00100_y_02240_step_06200_	-0.0743922280551252	-0.2293808258605567	-0.1008484117021360	120.2139363533016763	-15.3853938698715549	9.0211580034857448	0.9522368601531992	-0.3053387122805628	0.0036377119766187	-0.1511799833415118	-0.4610563263112599	0.8743978937561696	-0.2653103367802268	-0.8331838541109715	-0.4851959299564971
_x_00100_y_02400_step_06200_	-0.0003261637873773	-0.2404627115346154	-0.1011109215016168	119.0894127586122977	0.1645203912482889	0.2759821511682261	0.9999842767717568	0.0001674025752284	0.0056051927393388	-0.0048167587311440	-0.4861803609452930	0.8738452125327635	0.0028714185681082	-0.8738584717261044	-0.4861719102826937
_x_00100_y_02560_step_06200_	0.0736256654870088	-0.2283827120661649	-0.1013584067227141	120.3852126551862654	15.6408683745705694	-8.6406604773688755	0.9520408018355087	0.3059265440198371	0.0052212359151049	0.1446737860233004	-0.4651288677459440	0.8733410742814403	0.2696067641549204	-0.8307009606672273	-0.4870812115740640
_x_00100_y_02720_step_06200_	0.1397837397663921	-0.1946931067232348	-0.1014833043027866	124.5057580266899748	30.6148634353039668	-18.8374323644453092	0.8145143989408158	0.5801015649752062	0.0069619129123373	0.2778772583111308	-0.4006424969453864	0.8730806485971701	0.5092646887735015	-0.7092022024463002	-0.4875261150069255
_x_00100_y_02880_step_06200_	0.1922416112774171	-0.1429592163630344	-0.1015792896506204	133.0413622072315434	44.3680758986914228	-32.5796709260315893	0.6023741646259266	0.7981673404778018	0.0086175626374576	0.3849332768099799	-0.2999317179760596	0.8728501228482818	0.6992651415561550	-0.5224651769702190	-0.4879122878734744
_x_00100_y_03040_step_06200_	0.2267011157100051	-0.0779522674309821	-0.1016696590507322	149.4950660283595880	55.4840076512154710	-53.7864333450543342	0.3347668375868797	0.9422493486525403	0.0098655671881163	0.4571737063223702	-0.1715639383618329	0.8726729154163342	0.8239680616987213	-0.2876316742252850	-0.4882055440926620
_x_00150_y_00000_step_06200_	0.2616719793868521	-0.0054483907748630	-0.0530804236147235	175.3675905732737021	71.9292867884139042	-84.4146242999697165	0.0301904947709957	0.9994739587446231	0.0118465107451176	0.3087178327131490	-0.0205963887491974	0.9509306433885639	0.9506744099797676	-0.0250518374943558	-0.3091772495637048
_x_00150_y_00160_step_06200_	0.2507614080057610	0.0765906342803177	-0.0525544832649361	-138.4718639488566509	65.7634451692936324	-133.2851391876548632	-0.2814542866839472	0.9594638511904157	0.0145809041587395	0.2988272830459270	0.0731997899238203	0.9514956887251240	0.9118583987739658	0.2721597123270900	-0.3073163704904368
_x_00150_y_00320_step_06200_	0.2151377878021760	0.1509767844058802	-0.0518918158462849	-119.3693606386658814	51.5607940915588685	-155.2272974488593889	-0.5644748112246620	0.8252879315101410	0.0163712429764926	0.2604977007893400	0.1592837590323187	0.9522445232144953	0.7832682397342244	0.5417827186356606	-0.3048972784585047
_x_00150_y_00480_step_06200_	0.1580340649924426	0.2108115648094055	-0.0510084763531165	-111.6803251183408605	35.2373136328643497	-166.0419307687624837	-0.7926521796092310	0.6094287424180772	0.0172953772857474	0.1970143497959081	0.2291938303432355	0.9532342493359602	0.5769643560353026	0.7589906429247447	-0.3017371966089893
_x_00150_y_00640_step_06200_	0.0848341137434800	0.2502142459527266	-0.0507273185882199	-108.4548092305430771	18.2114595864680844	-173.1186731351830872	-0.9430668352490116	0.3322450605395875	0.0154325629906334	0.1138117854162277	0.2787572603267134	0.9535938691683767	0.3125249138129387	0.9010591598569935	-0.3007001308347313
_x_00150_y_00800_step_06200_	0.0025470842937066	0.2647700777516398	-0.0500580135047778	-107.3567852408327070	0.8353018782627806	-178.8374335477790282	-0.9996879061062527	0.0199642755340251	0.0150172596467735	0.0202870639866239	0.2979772594671746	0.9543573690579616	0.0145782515995479	0.9543641760579835	-0.2982892791192248
_x_00150_y_00960_step_06200_	-0.0807088385483594	0.2526223469365078	-0.0494388904420267	-108.0024989768417072	-16.6725013527154893	175.4660455990743628	-0.9549625198515646	-0.2964321737477850	0.0132118146336483	-0.0757266383714323	0.2865221741888168	0.9550761854109208	-0.2869007875899139	0.9110614743612400	-0.2960657494797577
_x_00150_y_01120_step_06200_	-0.1559774064657717	0.2148292110253781	-0.0491412840463260	-110.8285875495248973	-33.9565306789825030	168.5074735539788833	-0.8128314610207312	-0.5824382419723303	0.0084089394744547	-0.1652620198643190	0.2444289135335351	0.9554804922232483	-0.5585637660690763	0.7752549261481645	-0.2949344312177441
_x_00150_y_01280_step_06200_	-0.2152320458442890	0.1556036226593053	-0.0492972340866753	-117.7518561328403877	-50.6157242123560067	158.1591627131909661	-0.5889732599645462	-0.8081380881007802	0.0048300732448877	-0.2360595803074261	0.1777507582972496	0.9553431543010261	-0.7729077393789104	0.5615313869104454	-0.2954591814830172
_x_00150_y_01440_step_06200_	-0.2527337920027460	0.0812409919513674	-0.0494758393212216	-135.2596482367826525	-65.3640624150644385	137.5151181234640489	-0.3074091002867163	-0.9515771714318856	0.0007292945932194	-0.2815393567469719	0.0916839491541725	0.9551594861958898	-0.9089748267490214	0.2934193931511468	-0.2960909050602529
_x_00150_y_01600_step_06200_	-0.2651451699154902	-0.0012063648445045	-0.0500819829655214	179.1389144076637194	-72.6407656716076104	88.9768572271504041	0.0053276258225021	-0.9999837775187648	-0.0020152177045573	-0.2983142096863061	-0.0035128106980915	0.9544612577052219	-0.9544528530536909	-0.0044838443662475	-0.2983280852306222
_x_00150_y_01760_step_06200_	-0.2513320270267382	-0.0827784377332793	-0.0505607837396937	134.9776849425050500	-64.8866492377468944	42.0276571516142567	0.3152612899223848	-0.9490031417052631	-0.0018319688900678	-0.2841382154566739	-0.0962329498763696	0.9539416616728660	-0.9054699297014625	-0.3002203463984952	-0.2999865830579709
_x_00150_y_01920_step_06200_	-0.2131075170713739	-0.1557775391651380	-0.0513834713786594	118.1927935751110823	-50.1044394137944380	22.3249949785588093	0.5933142056267205	-0.8049708090950286	-0.0004999064202337	-0.2436383107798053	-0.1801686127011950	0.9529845982583821	-0.7672148505613647	-0.5652975035343977	-0.3030183254786430
_x_00150_y_02080_step_06200_	-0.1542830768427238	-0.2133095735767142	-0.0520251229301077	111.5245037075507355	-33.6658945556435256	12.3902185687100346	0.8128994509250707	-0.5824032768760661	0.0009517193594647	-0.1785820559924973	-0.2477029240687781	0.9522351131339727	-0.5543491065774451	-0.7742413606181197	-0.3053643455693401
_x_00150_y_02240_step_06200_	-0.0806487182312007	-0.2498541977805093	-0.0525354523358042	108.7105362481141384	-16.7306561021318849	5.7224453572126137	0.9528961459665469	-0.3032860212316215	0.0025542763348044	-0.0954887062236107	-0.2920018230052644	0.9516390294357114	-0.2878729615400571	-0.9070570680431826	-0.3072078015400358
_x_00150_y_02400_step_06200_	0.0005232074733370	-0.2619334379317830	-0.0527899954758821	107.9471473477547505	0.3435488691109483	0.1690054366869260	0.9999776734050549	0.0047953203263372	0.0046537720594829	-0.0029496440218691	-0.3081550436079973	0.9513315766330357	0.0059960229784468	-0.9513240636091997	-0.3081340190672252
_x_00150_y_02560_step_06200_	0.0814369848996881	-0.2484664439252202	-0.0529967061326705	108.8811675611927967	17.3318615692913376	-5.5494518993350512	0.9501211954163767	0.3118491656249996	0.0044510582503068	0.0923139858615162	-0.2948309517779478	0.9510798272953062	0.2979057603251669	-0.9032302075178298	-0.3089131758154426
_x_00150_y_02720_step_06200_	0.1540873974571861	-0.2109257275982309	-0.0531508125534355	111.9528306550055419	34.1274959892921430	-12.3512383789667499	0.8086316952206219	0.5882793986517210	0.0064908093943098	0.1770678897796931	-0.2538840343093088	0.9508889838103058	0.5610363124554326	-0.7677696570227294	-0.3094640687731145
_x_00150_y_02880_step_06200_	0.2115964753757716	-0.1530035875555056	-0.0532014320899213	118.9941745574728031	50.2933672937068934	-22.5973064982365592	0.5898107405959379	0.8075000183102405	0.0081860067574373	0.2454819841675404	-0.1889427154720512	0.9508097841940915	0.7693256044919075	-0.5587883058001565	-0.3096671496529012
_x_00150_y_03040_step_06200_	0.2486141076647535	-0.0804930742887647	-0.0531283724297100	136.2176035748743175	64.6277631785371227	-42.6772833886839464	0.3150241548595112	0.9490249788435291	0.0105532642386119	0.2904647530244160	-0.1069922916265272	0.9508853121081265	0.9035430311310673	-0.2964864905245149	-0.3093634623399157
_x_00200_y_00000_step_06200_	0.2732822632854562	0.0011238251335282	-0.0007954257056621	179.3898300335600311	83.2663508868699154	-88.7004949107940774	0.0026591679152027	0.9999259604194553	0.0118744475757339	0.1172238368545923	-0.0121043175272187	0.9930317505348396	0.9931019589644798	-0.0012486698644437	-0.1172473450636858
_x_00200_y_00160_step_06200_	0.2597608612474584	0.0860289615243250	-0.0001397131782374	-110.5605581184213975	70.9021667230959025	-159.6584635795524321	-0.3067781611054322	0.9516735947213404	0.0143013628347612	0.1137335851608138	0.0217362505252301	0.9932734804773417	0.9449612857018208	0.3063411570835144	-0.1149054567959948
_x_00200_y_00320_step_06200_	0.2207492903296148	0.1625535861886390	0.0005796954530144	-100.8906448293451490	53.5290680252230118	-170.3105706584243535	-0.5859352839596789	0.8102094095336455	0.0155098586141851	0.1000444964328520	0.0533315695824677	0.9935526369646287	0.8041585302318119	0.5837092224635585	-0.1123058407492700
_x_00200_y_00480_step_06200_	0.1597111306545296	0.2233967211681296	0.0014782975787612	-97.7195267135701613	35.7098965053108728	-174.5609868813547791	-0.8083268951579727	0.5885197756023601	0.0158777923282832	0.0769647379227976	0.0788955856857241	0.9939073979379476	0.5836814710788303	0.8046241111750597	-0.1090686941106305
_x_00200_y_00640_step_06200_	0.0828401496717733	0.2623545076200225	0.0022235284179613	-96.4144479001989367	17.7909718317341188	-177.1586735823296692	-0.9510069836462216	0.3087971758687961	0.0151664508561316	0.0471996105993013	0.0965310607492199	0.9942102147282055	0.3055452729390361	0.9462167079935158	-0.1063768193664572
_x_00200_y_00800_step_06200_	-0.0025239866071360	0.2755283784602910	0.0028777877992292	-95.9708570190053507	-0.2012205511891943	-179.2350542711135404	-0.9999047127259284	-0.0021038441994366	0.0136432880224595	0.0133503426222681	0.1040599563146397	0.9944814195567775	-0.0035119539215877	0.9945688007027870	-0.1040219536841761
_x_00200_y_00960_step_06200_	-0.0880425794455257	0.2615999515728987	0.0030095614824183	-96.2587604478836028	-18.2468208472554743	178.6834186851239963	-0.9494657776916974	-0.3136675891524654	0.0112862973370872	-0.0218213099801521	0.1018387161963919	0.9945615648687720	-0.3131111103475106	0.9440558878576794	-0.1035370135661544
_x_00200_y_01120_step_06200_	-0.1648189269769711	0.2216719763649986	0.0032000451310957	-97.3261197357324477	-36.2384632913769664	176.1475601180779620	-0.8047411335771967	-0.5935640021493087	0.0085722389948263	-0.0541906798100336	0.0878353998479854	0.9946598980331269	-0.5911472558936698	0.7999791984083334	-0.1028503960291096
_x_00200_y_01280_step_06200_	-0.2253410108607239	0.1599330370094326	0.0032932750019084	-100.0711465258144983	-54.1180291968960887	172.0774649007827861	-0.5805231342383368	-0.8142306333658507	0.0046223698190078	-0.0807869772523552	0.0632458221734892	0.9947227906728722	-0.8102261134526125	0.5770861648543010	-0.1024948945715320
_x_00200_y_01440_step_06200_	-0.2637738659289101	0.0825447952243031	0.0028005478117216	-109.3121647020752079	-71.6283500870721781	161.6901307859267831	-0.2992223889440569	-0.9541822372219858	0.0014900082742871	-0.0990155254460167	0.0326033654914210	0.9945516307760405	-0.9490320793710093	0.2974445809368166	-0.1042345124997500
_x_00200_y_01600_step_06200_	-0.2759469616706599	-0.0028455474809362	0.0023491876235405	173.9382477051302942	-83.8847268467333294	83.8798940295717728	0.0113573888920381	-0.9999354165847052	-0.0004151832450532	-0.1059219722349484	-0.0016159484578547	0.9943731314292639	-0.9943095823310839	-0.0112495053292810	-0.1059334843872927
_x_00200_y_01760_step_06200_	-0.2612765505935316	-0.0874624814734954	0.0016464078613426	108.8430180009370645	-70.3694133401739208	17.7499263977651154	0.3199617175914378	-0.9474297138818832	-0.0011985531401024	-0.1024201001498964	-0.0358464448799993	0.9940951440756314	-0.9418782417920180	-0.3179496338151027	-0.1085053362541213
_x_00200_y_01920_step_06200_	-0.2216620992758861	-0.1629488868250321	0.0010612070449896	100.5891874828681125	-53.0013909321251973	8.4262497691254037	0.5952994328545039	-0.8035031341239794	-0.0011396034611559	-0.0881848715837819	-0.0667440042806904	0.9938655172186681	-0.7986501196812397	-0.5915470829490430	-0.1105894885946226
_x_00200_y_02080_step_06200_	-0.1599577746571658	-0.2230834413457405	0.0003220266411715	97.9636216074662372	-35.1466078817739884	4.5585756288152277	0.8150950490326994	-0.5793267075273385	-0.0007918256848065	-0.0649879030866902	-0.0927940062554246	0.9935621997919721	-0.5756705946066527	-0.8097961708656084	-0.1132851630030242
_x_00200_y_02240_step_06200_	-0.0827709047208059	-0.2611636823251589	-0.0003255224613174	96.9541676134517445	-17.2448032563931903	2.0815775056678758	0.9544166247247169	-0.2984775905272926	0.0001854780344356	-0.0346895832774027	-0.1103067103721063	0.9932920328176021	-0.2964549531735295	-0.9480208634834502	-0.1156326214308672
_x_00200_y_02400_step_06200_	0.0020473136258928	-0.2734144111659743	-0.0007585388398558	96.7317307725485165	0.6091249121893443	0.0604171707249386	0.9999429330194959	0.0104341308191085	0.0022933857980231	-0.0010544187687942	-0.1172318112380954	0.9931040180338087	0.0106310350121168	-0.9930497627752023	-0.1172141192292367
_x_00200_y_02560_step_06200_	0.0866749174326708	-0.2589021367569868	-0.0011433265971537	97.1834578666241526	18.4398245081345316	-2.1237414015387057	0.9480047754435572	0.3182441392195591	0.0027592732038314	0.0351551118209217	-0.1133312093327792	0.9929351212964662	0.3163084947469320	-0.9412102341366524	-0.1186264359548847
_x_00200_y_02720_step_06200_	0.1627470477005753	-0.2189834734647732	-0.0012949253437010	98.5013721731456258	36.2823661049353277	-4.7861245990525134	0.8032996166683350	0.5955569090120818	0.0046576805902929	0.0672590495066347	-0.0984853107258706	0.9928629632686943	0.5917651105970767	-0.7972531666285205	-0.1191698039808157
_x_00200_y_02880_step_06200_	0.2227114955996035	-0.1573851265549308	-0.0013032974183331	101.7120486322909017	54.0257276490232385	-9.1399277680313880	0.5799636286007019	0.8146151956888066	0.0066537548192505	0.0933096977405933	-0.0745411625919178	0.9928428452615269	0.8092808473007790	-0.5751918793170960	-0.1192426608215400
_x_00200_y_03040_step_06200_	0.2607429823194564	-0.0806262041636180	-0.0012632228237348	111.8283789964523720	71.3204174894515006	-20.2032540276891872	0.3005699747005363	0.9537075616929226	0.0099788315077263	0.1106075996106840	-0.0452472485302725	0.9928336443779502	0.9473244688156651	-0.2973122487725324	-0.1190872684754260
_x_00250_y_00000_step_06200_	0.2733727474376236	0.0050399873475803	0.0541459022500223	-9.2901616126794746	85.1469183280420054	99.9146184564796869	-0.0145666384235624	0.9998409577299765	0.0102894261569959	-0.0833375282069998	-0.0114687257059513	0.9964553801967396	0.9964149082773628	0.0136575098859466	0.0834913347978734
_x_00250_y_00160_step_06200_	0.2583785258742769	0.0906310187611462	0.0553320101674275	-74.8291025076863860	70.4109558099172972	166.4598658207059430	-0.3259529475638446	0.9452862484153105	0.0137326083228654	-0.0784959011979124	-0.0415369603921708	0.9960487309446796	0.9421215789215158	0.3235870663025439	0.0877401906320244
_x_00250_y_00320_step_06200_	0.2178775056440471	0.1661252016179254	0.0562123610182090	-81.3406940403992991	52.8120903008925637	173.8539758363113492	-0.6009569114181271	0.7991688870641194	0.0134119561392846	-0.0647120545565256	-0.0653732290290709	0.9957603581793089	0.7966574801091492	0.5975411541266503	0.0910023544263106
_x_00250_y_00480_step_06200_	0.1555823189660924	0.2260894982541395	0.0568610355761170	-83.4684637058496719	34.8573543999536426	176.9382844836107438	-0.8194061935299103	0.5730907098483872	0.0118544628851476	-0.0438283477419811	-0.0832592311860511	0.9955636475668019	0.5715352709492495	0.8152514573478414	0.0933407486213222
_x_00250_y_00640_step_06200_	0.0781502745485926	0.2636356054184469	0.0572573773486757	-84.3145531602491189	16.9390636354876101	178.9010251394034583	-0.9564391999654245	0.2917679613862900	0.0097730997123788	-0.0183474518492296	-0.0934882192519412	0.9954513166758789	0.2913544710145021	0.9519093494496149	0.0947689962502014
_x_00250_y_00800_step_06200_	-0.0069687758916581	0.2754034907775014	0.0574546804978374	-84.5203851559273716	-0.9903945951573161	-179.4349769402533639	-0.9998019898724415	-0.0181466381070458	0.0081658173209330	0.0098598796875197	-0.0953172806854923	0.9953981106950478	-0.0172847857856142	0.9952815257645120	0.0954773305670531
_x_00250_y_00960_step_06200_	-0.0914305884732024	0.2602961619537340	0.0576201204295159	-84.1709215431807536	-18.9362598395822168	-177.6534779274224434	-0.9450870378261873	-0.3267256323286202	0.0078007763963898	0.0387272557383728	-0.0882580505085125	0.9953445213509797	-0.3245160868060289	0.9409893079625826	0.0960647266388762
_x_00250_y_01120_step_06200_	-0.1671072913347032	0.2198817313847411	0.0575943726045148	-83.1158862986086291	-36.8214389544976015	-175.5036603150205110	-0.7980434863592480	-0.6025678065900977	0.0062154919978862	0.0627560863221528	-0.0728472238389099	0.9953667442749381	-0.5993231745136371	0.7947360067595798	0.0959500497693143
_x_00250_y_01280_step_06200_	-0.2266385380902249	0.1578380000832603	0.0576057769878885	-80.4478903213239249	-54.6506506523227813	-171.9823257725228416	-0.5729049811099520	-0.8196142474826467	0.0035168086187496	0.0806967686956392	-0.0521355504772892	0.9953742592103296	-0.8156395736730099	0.5705386662618800	0.0960089379101055
_x_00250_y_01440_step_06200_	-0.2639786879291421	0.0802543545066308	0.0565086234490638	-72.3969086731503211	-72.2825161014437185	-163.1884910668169937	-0.2913173881061054	-0.9566264539081527	-0.0000840841849588	0.0880177595071296	-0.0268911977309232	0.9957558623959697	-0.9525686607265551	0.2900735961229660	0.0920339906442632
_x_00250_y_01600_step_06200_	-0.2758685987771085	-0.0048222110032272	0.0568758129610220	11.1158587063991359	-84.5401434210273663	-78.8970165495679510	0.0183230033945923	-0.9998315342121480	-0.0010820081257566	0.0933673942068987	0.0006335964228988	0.9956315223287109	-0.9954631069234140	-0.0183439840426048	0.0933632743846817
_x_00250_y_01760_step_06200_	-0.2608792079039821	-0.0889445565416427	0.0561919010977156	74.2965154905541283	-70.3787303425990842	-14.9854741986666404	0.3243811355899470	-0.9459227522745435	-0.0026505853559263	0.0868295267787496	0.0269855596513277	0.9958576267969650	-0.9419328596841476	-0.3232675769384503	0.0908876314334787
_x_00250_y_01920_step_06200_	-0.2201924196832101	-0.1653176053684256	0.0555091857495169	81.6216659390297536	-52.6518267553065016	-6.8839931022988790	0.6022835340331170	-0.7982742095855536	-0.0035820305888126	0.0727135959468092	0.0503914763939676	0.9960790290289823	-0.7949636957729983	-0.6001824601047550	0.0883953448182675
_x_00250_y_02080_step_06200_	-0.1584063277911257	-0.2247408287383842	0.0547767384620175	84.0012392033908810	-34.8669481675630095	-3.6306983027061310	0.8188350355248170	-0.5740191034390686	-0.0033546213020143	0.0519572059768207	0.0682941264434499	0.9963113775524237	-0.5716726627574162	-0.8159889589818810	0.0857460522444725
_x_00250_y_02240_step_06200_	-0.0806565196761729	-0.2625004932089084	0.0540925318481281	85.0089076535808914	-16.8765811672995660	-1.6033558216875754	0.9565576644009407	-0.2915313624768958	-0.0026266648401412	0.0267751444076087	0.0788746448357264	0.9965249028719700	-0.2903110854200533	-0.9533038629389912	0.0832539403741822
_x_00250_y_02400_step_06200_	0.0047466080612648	-0.2742370404428849	0.0534602543167809	85.3557343734792511	1.0833821647946775	0.0313949742848684	0.9998210879217371	0.0188897425276078	-0.0009847711589197	-0.0005478476905807	0.0809586542703943	0.9967173100541771	0.0189074591075238	-0.9965384457841892	0.0809545184911246
_x_00250_y_02560_step_06200_	0.0895727311917790	-0.2589103494158623	0.0531286344004587	85.1599412099023567	19.0439068201600499	1.6478030550315541	0.9448779135116934	0.3274208962792617	0.0011336831455584	-0.0271817947575426	0.0749903469151294	0.9968137227703613	0.3262926272405618	-0.9418980860736652	0.0797566101286795
_x_00250_y_02720_step_06200_	0.1654516145961905	-0.2180629451820346	0.0530414427451746	84.2931121838746549	36.9819296134651552	3.6427730009471651	0.7972113091214368	0.6036900868131960	0.0035224554449426	-0.0507538100607307	0.0612072474726209	0.9968338495562560	0.6015631133748187	-0.7948659962159039	0.0794346818870319
_x_00250_y_02880_step_06200_	0.2250119259755721	-0.1559338989742362	0.0530282162944974	82.0777933947121596	54.8513219078292522	6.8517491133235051	0.5715885813076758	0.8205164102451667	0.0062701066230118	-0.0686814633893968	0.0402275037359631	0.9968272691544225	0.8176609017834779	-0.5702057246832568	0.0793478495806416
_x_00250_y_03040_step_06200_	0.2623544306894611	-0.0786699795340758	0.0533181295562336	74.5320411725017209	72.4696990728815962	15.3591675712907332	0.2904522341893306	0.9568367667606128	0.0100449703594936	-0.0797812195738655	0.0137543164932231	0.9967175004890356	0.9535577888401592	-0.2903002248585091	0.0803325761404797
_x_00300_y_00000_step_06200_	0.2636788872224122	0.0071517160893093	0.1072312672213350	-4.4906015412870985	73.8844925460387287	95.3326230758392654	-0.0257971022534775	0.9996060743779260	0.0110546633632984	-0.2763733248034784	-0.0177589007530543	0.9608862611053994	0.9607040620567791	0.0217328670633999	0.2767225824482160
_x_00300_y_00160_step_06200_	0.2482163304962138	0.0891738418802369	0.1069174274912584	-49.1426557951124110	65.0403718803995616	142.5959227866324852	-0.3352084865070154	0.9420713132614038	0.0117009103752718	-0.2563240392514444	-0.1031423107918942	0.9610721360159873	0.9066053482499983	0.3191603115276745	0.2760497021734628
_x_00300_y_00320_step_06200_	0.2084207853050810	0.1619832537835039	0.1090617550838353	-64.0493287975754555	49.6296103131842088	160.4507032540648765	-0.6103873856788670	0.7919914481968464	0.0132960666055880	-0.2167407179971760	-0.1831400541418166	0.9588968566696843	0.7618731525432481	0.5824167464556582	0.2834431739905171
_x_00300_y_00480_step_06200_	0.1478004547451519	0.2190389057530472	0.1096875856816781	-70.1044223159239124	32.9010487326205094	169.5479637414512410	-0.8256783729924935	0.5640299614209244	0.0111994192697417	-0.1523156126528349	-0.2420004561084011	0.9582461757740113	0.5431898181249909	0.7894972969319380	0.2857251119914085
_x_00300_y_00640_step_06200_	0.0728908698087717	0.2544560095196575	0.1101088467241758	-72.6318289560838792	15.7977204304035102	175.6699527817896467	-0.9594823127272425	0.2816258596218694	0.0089758986082613	-0.0726498767204231	-0.2780410449455443	0.9578179225396114	0.2722419640248177	0.9183572575625636	0.2872355488202623
_x_00300_y_00800_step_06200_	-0.0092115760859179	0.2649898909231591	0.1102973159509674	-73.2600256268854082	-1.4321571888968005	-179.1808193129376434	-0.9995854456401149	-0.0280495609318186	0.0064929959175892	0.0142924469883085	-0.2876570858663378	0.9576268202749819	-0.0249932555610510	0.9573226327014415	0.2879387332299028
_x_00300_y_00960_step_06200_	-0.0900155387566715	0.2497676433391501	0.1104239631101293	-72.2844608968634361	-18.6074686202071042	-173.7892267878427788	-0.9421642745718299	-0.3350877747571609	0.0065316865228022	0.1025310415794889	-0.2696220280204183	0.9574922179938498	-0.3190828501081854	0.9027846615968018	0.2883851410048470
_x_00300_y_01120_step_06200_	-0.1625360035677476	0.2101940641647668	0.1104590576489993	-69.2133007979708879	-35.6092343432564604	-167.2955033643828244	-0.7931023147125813	-0.6090750967870121	0.0040304927041367	0.1787987317424779	-0.2264854386293307	0.9574629808071752	-0.5822540097971227	0.7600867533135751	0.2885279804670611
_x_00300_y_01280_step_06200_	-0.2190802453975341	0.1505285874893242	0.1104103920482102	-62.0714643367813466	-52.0012126166335591	-157.1690210050718406	-0.5674111780432398	-0.8234303351393358	0.0026529613461870	0.2388787806672807	-0.1615221312566129	0.9575215555073600	-0.7880237833837868	0.5439421699837608	0.2883494971989041
_x_00300_y_01440_step_06200_	-0.2545175354613805	0.0764201692625258	0.1101342906434098	-43.8102526310592211	-66.5332101003525196	-136.2173583883648860	-0.2875010078757495	-0.9577797129241780	0.0010917789645570	0.2755364011106480	-0.0816171659431453	0.9578195706323822	-0.9172910454885193	0.2756749167666300	0.2873681926245340
_x_00300_y_01600_step_06200_	-0.2655513103783581	-0.0058766861368112	0.1097719535458729	4.4611174627737427	-73.3270219548415696	-85.4348051307316609	0.0228360441314265	-0.9997380685839616	-0.0015196422072074	0.2859985145334294	0.0050762579190091	0.9582166150146905	-0.9579579138840600	-0.0223164923218254	0.2860395241873936
_x_00300_y_01760_step_06200_	-0.2506455837723308	-0.0873926400614942	0.1091705017436035	48.2174497854181539	-64.7839102281745056	-39.1360298577357568	0.3304526367931468	-0.9438175667554503	-0.0030749829719273	0.2688967931323800	0.0910230793300314	0.9588583386884637	-0.9047074496651275	-0.3176841193907870	0.2838683335761869
_x_00300_y_01920_step_06200_	-0.2112210693460132	-0.1604790967724685	0.1085276616213001	64.2132258107071294	-49.6779625512806646	-20.4655025853270018	0.6062410518235697	-0.7952704342125853	-0.0040894438715035	0.2262482959719246	0.1675366749158554	0.9595536311889707	-0.7624195010974293	-0.5826460323605278	0.2814961905974616
_x_00300_y_02080_step_06200_	-0.1510633992523203	-0.2177089541514138	0.1078459537181663	70.5605111529470577	-33.0275481643045055	-11.1235621002928227	0.8226577656599120	-0.5685232479022995	-0.0039391869798802	0.1617503937716041	0.2274005855263428	0.9602738066910954	-0.5450422100298042	-0.7906138692793701	0.2790317168153654
_x_00300_y_02240_step_06200_	-0.0756398850729660	-0.2533025917257753	0.1077224484022928	73.1727790275579224	-15.7861103025432712	-4.8508316704889101	0.9588372916236305	-0.2839453310585752	-0.0024692431831876	0.0813725406186325	0.2664299226646030	0.9604132474837082	-0.2720469772394661	-0.9210809656479554	0.2785682984402560
_x_00300_y_02400_step_06200_	0.0064701011478246	-0.2640809063715214	0.1071051858865272	73.9545036201259052	1.4417810309223267	0.3159543038749374	0.9996682079469530	0.0257047744417385	-0.0016548688853191	-0.0055126691186497	0.2762630235126330	0.9610662580274298	0.0251611704679358	-0.9607382611359649	0.2763130635531476
_x_00300_y_02560_step_06200_	0.0889208066422653	-0.2485974940837818	0.1066529573949779	73.1228874282547991	18.8979304356276110	5.6032422557708959	0.9415764896213846	0.3367991874894174	-0.0001466244846465	-0.0923761765206694	0.2586711141427254	0.9615382970633999	0.3238832447097151	-0.9053483097762042	0.2746708608165005
_x_00300_y_02720_step_06200_	0.1614558882786120	-0.2087417956122144	0.1064822983214316	70.1977129230176757	36.0101219348620631	12.2185415209280617	0.7905892025389302	0.6123306298008049	0.0044623577409862	-0.1711992572847175	0.2140294686442723	0.9617079602753693	0.5879281649436606	-0.7610798817204408	0.2740399359698876
_x_00300_y_02880_step_06200_	0.2181356911028379	-0.1482474372024734	0.1066935883132237	63.1125597936416796	52.5841404212409529	22.4176159199006655	0.5616789916193792	0.8273157566041487	0.0080838881698558	-0.2317094290178416	0.1479167692377852	0.9614735409164836	0.7942464673372263	-0.5419126020427660	0.2747786033692866
_x_00300_y_03040_step_06200_	0.2530190999067869	-0.0740037410803263	0.1071287111821836	44.6031900915378543	67.1612575501568756	43.7682241721265086	0.2802921292022137	0.9598411179957755	0.0118890921398262	-0.2684922462707864	0.0665016739303259	0.9609835800142121	0.9216009092876144	-0.2725482628252919	0.2763497936151909
_x_00350_y_00000_step_06200_	0.2428590653634465	0.0078501706198237	0.1592690599612160	-2.9471621720240320	62.2017887870414796	94.1369382520654199	-0.0336433608251338	0.9993563575307525	0.0124496961913391	-0.4651439163127810	-0.0266820787143461	0.8848328677172261	0.8845955354791246	0.0239778509952051	0.4657422047356813
_x_00350_y_00160_step_06200_	0.2281733260328146	0.0834801115220444	0.1599418143429103	-32.4524288148424418	56.3019586843302804	128.2292670628352766	-0.3433255338042289	0.9391276740740827	0.0129147058133321	-0.4358306512432311	-0.1714809142458019	0.8835417021772798	0.8319730892732908	0.2977138018930722	0.4681744022129254
_x_00350_y_00320_step_06200_	0.1907880140898949	0.1505898940496441	0.1605921134205743	-48.9677343369488156	44.2253381031144173	149.4857342460560119	-0.6173548004765003	0.7866014952112376	0.0114515527360233	-0.3638568446270650	-0.2984143174586559	0.8823588225624087	0.6974820764339804	0.5405617290070857	0.4704378494405114
_x_00350_y_00480_step_06200_	0.1347896361566607	0.2024523783492459	0.1612142605829862	-57.0240291067731562	29.7091106041112241	162.8162835477110661	-0.8297825805591577	0.5579996018970639	0.0098647495307148	-0.2566022162500753	-0.3971621642474110	0.8811455713478120	0.4955967832988177	0.7286279294489273	0.4727421800631227
_x_00350_y_00640_step_06200_	0.0656581213946858	0.2345965023289769	0.1615839233023800	-60.7213512172781904	14.2289425194774886	172.6458318627538233	-0.9613475488222112	0.2752336974371798	0.0075698195873848	-0.1240753581565509	-0.4575910988986773	0.8804633392180643	0.2457970623743302	0.8454920449086200	0.4740538008753752
_x_00350_y_00800_step_06200_	-0.0097493970001738	0.2439196296656945	0.1616335160901312	-61.6774959673725363	-1.5416366294686270	-178.8377232123766021	-0.9994323679538870	-0.0333014380578316	0.0050947138651274	0.0202768234377985	-0.4738559986384013	0.8803688675695409	-0.0269033885850734	0.8799724466014172	0.4742622701680543
_x_00350_y_00960_step_06200_	-0.0834458086248255	0.2297373356911952	0.1618080876750739	-60.2014457649887262	-17.1512847607579211	-170.0790737366258725	-0.9412408984266842	-0.3376966678744419	0.0051508868583860	0.1646270993633623	-0.4454314569720601	0.8800504163370149	-0.2948957261204957	0.8291874200964742	0.4748523276447305
_x_00350_y_01120_step_06200_	-0.1497580270001794	0.1934174349148461	0.1618199263784804	-55.7834461251499008	-32.3664546414423526	-159.8277062505952131	-0.7928310904786343	-0.6094359144186633	0.0025938749291082	0.2912698354961464	-0.3751750721872667	0.8800031523462442	-0.5353323686276665	0.6984493764232076	0.4749607601407980
_x_00350_y_01280_step_06200_	-0.2013589164577175	0.1390612535470760	0.1617595867859119	-46.5934715770234007	-46.3005005386299402	-145.5573916249021806	-0.5697607685541142	-0.8218097556253066	0.0011799049534537	0.3907460114978604	-0.2696406171500136	0.8801201577520388	-0.7229731814632818	0.5019189806552787	0.4747495294814168
_x_00350_y_01440_step_06200_	-0.2339999389364052	0.0712985258277594	0.1616089974836337	-28.4441716391559822	-57.3599571082342052	-122.7944144186614182	-0.2921312310436689	-0.9563780269856116	-0.0006429214720745	0.4533960025113642	-0.1390842853325164	0.8803906101726997	-0.8420756550070940	0.2568980947236699	0.4742488378179988
_x_00350_y_01600_step_06200_	-0.2445871368213069	-0.0039228143812269	0.1612551683597009	1.8346341578626877	-61.7602550410378228	-88.0958076464304867	0.0157223726828363	-0.9998726444977691	-0.0027389381628453	0.4729007079855589	0.0050224785354070	0.8811014102225229	-0.8809754408517754	-0.0151482505392292	0.4729194467577128
_x_00350_y_01760_step_06200_	-0.2314900910379434	-0.0789993139812294	0.1607024516812648	31.3472397783383663	-56.5383513222908718	-54.1472657829766746	0.3229446620563932	-0.9464078412869115	-0.0043523786519634	0.4469062653682697	0.1484417283210205	0.8821790313012741	-0.8342550780330128	-0.2868401144256442	0.4708940576524784
_x_00350_y_01920_step_06200_	-0.1955576872797992	-0.1468067088413359	0.1601067091446631	48.6411355727997474	-44.8180058384218896	-32.1702164706771541	0.6004429068891673	-0.7996494286797743	-0.0053950698417380	0.3776833217656927	0.2776362138935746	0.8833308786603542	-0.7048571656914042	-0.5324273884267710	0.4687189477997761
_x_00350_y_02080_step_06200_	-0.1405747977682916	-0.1995696402120135	0.1597285503133445	57.1928381257698888	-30.3922847840154660	-18.2741692119128771	0.8190791612813278	-0.5736712359530068	-0.0032619924626983	0.2704749385863675	0.3811531214868403	0.8840619919313003	-0.5059176169608824	-0.7249990420828071	0.4673582713803558
_x_00350_y_02240_step_06200_	-0.0711815658675299	-0.2332618446252176	0.1592381384771189	61.2163127171773880	-14.7860305449440244	-8.1784991885418581	0.9570521084954112	-0.2898999565005724	-0.0030457914331485	0.1375467343360871	0.4447873454029027	0.8850113633411250	-0.2552100262489034	-0.8474209299931202	0.4655594590507525
_x_00350_y_02400_step_06200_	0.0048256465928036	-0.2436446118061436	0.1588072125303761	62.3483115748914472	1.1233041571216869	0.4620960107705138	0.9997753046958593	0.0211073913639180	-0.0019540087288778	-0.0080634594910022	0.4639401774448867	0.8858298326278269	0.0196041001155138	-0.8856150347539374	0.4640061308608361
_x_00350_y_02560_step_06200_	0.0813809508457594	-0.2296360888456759	0.1583861877042842	61.0369118736545389	17.2533638410184089	9.2843352672917092	0.9424918680421208	0.3342285631063685	-0.0005884541836194	-0.1540743858574793	0.4360357551136472	0.8866419254045634	0.2965976437821359	-0.8355621388420633	0.4624562139668597
_x_00350_y_02720_step_06200_	0.1495715988006398	-0.1922294504252116	0.1582077149138306	56.6094044218954835	32.9602254368681145	19.9117483693938873	0.7888887208488814	0.6145295188595665	0.0028384093514071	-0.2857567007704294	0.3627369696832873	0.8869977445235050	0.5440567011647005	-0.7005536105646845	0.4617650318533970
_x_00350_y_02880_step_06200_	0.2018848259065541	-0.1358787785080809	0.1583515496845699	47.0479027222275406	47.2753673929473450	34.8201870849200361	0.5569932084017650	0.8304875906425695	0.0069948254451582	-0.3874114784978354	0.2523617407107960	0.8866938018016917	0.7346229727706792	-0.4965923012030258	0.4623042010013035
_x_00350_y_03040_step_06200_	0.2335551785003253	-0.0666821706168081	0.1589760552935645	27.9210948674511705	58.2756097545450231	58.7290269123049882	0.2729530422035204	0.9619743728953064	0.0100966650199588	-0.4494416608661008	0.1182322216476527	0.8854509219839239	0.8505873442685148	-0.2462243847732029	0.4646232044498999
_x_00400_y_00000_step_06200_	0.2138406659506917	0.0078842006414778	0.2041962041282087	-2.2223869114765966	51.0509265714992537	93.7032294103950960	-0.0406022634275247	0.9991092548222061	0.0114957876275624	-0.6273167958594833	-0.0344449097464644	0.7780020474427748	0.7777050172379978	0.0243771434170213	0.6281565577478851
_x_00400_y_00160_step_06200_	0.2004746615212974	0.0748002583661064	0.2046214607417975	-22.9014011419607293	46.8722019754448098	120.9480409727020032	-0.3515628727600214	0.9360874456683151	0.0119933547804710	-0.5863025773605794	-0.2301468770947203	0.7767121105943242	0.7298306887745013	0.2660314060890497	0.6297415792983823
_x_00400_y_00320_step_06200_	0.1678155786439001	0.1336580709712789	0.2047994684686280	-37.1914483838882290	37.6900568110435117	142.0666584165487905	-0.6241426513187687	0.7812096890106321	0.0125448236611640	-0.4864653738156866	-0.4011225253626532	0.7761779175711274	0.6113897209498561	0.4783431210361438	0.6303891398765196
_x_00400_y_00480_step_06200_	0.1182972747562649	0.1791270443465465	0.2053407114315388	-45.4635312449508788	25.6467464277294717	157.7987350541725959	-0.8346460137154184	0.5506620687428987	0.0117182693582827	-0.3406342248062670	-0.5327890457018187	0.7746638998112528	0.4328213911991827	0.6425784923477724	0.6322646000627175
_x_00400_y_00640_step_06200_	0.0575858446052757	0.2071228743020969	0.2056896056943747	-49.5775779184874992	12.3233918540478342	170.5160627631044292	-0.9636052885297142	0.2671001273933133	0.0110620913051211	-0.1609745261967409	-0.6127831119906431	0.7736821437611170	0.2134292618956035	0.7437434904626317	0.6334773638901071
_x_00400_y_00800_step_06200_	-0.0085387514152579	0.2148266157878688	0.2061025350999668	-50.5690412741103472	-1.4324593526727007	-178.1620491543385469	-0.9991731844051435	-0.0396696600862370	0.0089031249754424	0.0320627693784441	-0.6342019104636362	0.7725023725426728	-0.0249985276660571	0.7721491143768257	0.6349494615964431
_x_00400_y_00960_step_06200_	-0.0736960387818899	0.2019538604719646	0.2064438813936013	-48.7833275134950242	-15.0821759322318361	-166.7060657425308250	-0.9396798980862600	-0.3420004347088058	0.0061148827940148	0.2220258774640076	-0.5962439190248168	0.7714905694577642	-0.2602041484468187	0.7263118419005129	0.6362113716730864
_x_00400_y_01120_step_06200_	-0.1314576590061797	0.1701639023736335	0.2065249906605788	-43.8814626108241512	-27.9654034561907530	-153.7731090422191471	-0.7923032207407104	-0.6101195179504791	0.0031273342917960	0.3903235152860274	-0.5029225190498171	0.7711786389983483	-0.4689383326394380	0.6122279915590770	0.6366111266172487
_x_00400_y_01280_step_06200_	-0.1770460113253288	0.1222257307237404	0.2064349286550886	-34.6421415831456798	-39.3404061297248759	-137.4317539470839904	-0.5695826252590570	-0.8219339652419803	0.0004356427393437	0.5231757814352694	-0.3621407185196860	0.7714539530714979	-0.6339264426750130	0.4396346855875236	0.6362850057213061
_x_00400_y_01440_step_06200_	-0.2059732680261358	0.0624948731736905	0.2062120830954251	-19.4377052864122177	-47.6320728656202945	-115.6788801588299265	-0.2920141986824972	-0.9564119064398059	-0.0019932355593410	0.6073334939709365	-0.1870418061586832	0.7721148812514573	-0.7388326839473698	0.2242579496229141	0.6354798479590464
_x_00400_y_01600_step_06200_	-0.2153994557549409	-0.0032778871601134	0.2057826075215214	1.2159531742804117	-50.6506955787735365	-88.6975365177248420	0.0144120798578026	-0.9998895076818025	-0.0036420299305578	0.6338827297400875	0.0063195086131789	0.7734033544976019	-0.7732948835285465	-0.0134549707814892	0.6339037678306079
_x_00400_y_01760_step_06200_	-0.2041266963031644	-0.0687412535466465	0.2054142724102925	21.5772816183767162	-47.1384589995044436	-61.9374093911121619	0.3200040939272083	-0.9474083133233292	-0.0038558676935964	0.6002573456083509	0.1995954960242427	0.7745016184683240	-0.7329996581943569	-0.2501582015698878	0.6325601752199357
_x_00400_y_01920_step_06200_	-0.1726589799780163	-0.1285774877130983	0.2049979574578169	36.4653321006757594	-38.3132097127196545	-40.3604193655844909	0.5978795962214035	-0.8015704764513740	-0.0049759123433668	0.5081236576669946	0.3741862879596085	0.7757544524023847	-0.6199599478524777	-0.4663361375494356	0.6310152691292242
_x_00400_y_02080_step_06200_	-0.1246453780504530	-0.1752354324462370	0.2046009930017539	45.2681391285858865	-26.5496170059122463	-24.2236666165153238	0.8157833489950004	-0.5783392900085864	-0.0046036002070260	0.3670326765248438	0.5115379305606216	0.7769272552567366	-0.4469726410704706	-0.6354939899244691	0.6295735436820445
_x_00400_y_02240_step_06200_	-0.0630257333068149	-0.2056249426177500	0.2040156393512392	49.9149020225637514	-12.9780391142034475	-10.9934150533225861	0.9565740723843479	-0.2914626954379585	-0.0039422341463490	0.1858250744805422	0.5993423052363613	0.7786256114772139	-0.2245775717571231	-0.7455456379873765	0.6274763867602271
_x_00400_y_02400_step_06200_	0.0048586073660386	-0.2150750878212905	0.2034818950680731	51.2692168138725037	1.1867055259650292	0.8211577806912207	0.9996828378870031	0.0251210574681138	-0.0017765432368472	-0.0143283424578083	0.6253660710973886	0.7801999588071170	0.0207104378659753	-0.7799270540197332	0.6255276717871878
_x_00400_y_02560_step_06200_	0.0728864786973710	-0.2023688225471774	0.2031457548186139	49.6280229901512158	15.4663415002830984	12.8442728950114944	0.9396712669408813	0.3420774935870730	0.0009478749419569	-0.2142517783396743	0.5863752273785937	0.7811915694597511	0.2666722437075277	-0.7342663556897376	0.6242906641445989
_x_00400_y_02720_step_06200_	0.1337793899055312	-0.1680323811284415	0.2031935618135145	44.3799834933225696	29.1120617504034911	26.6462820175175956	0.7808793219665470	0.6246752622426617	0.0028811919630831	-0.3918245038865202	0.4862001673786044	0.7810780725350693	0.4865193137781366	-0.6110566372956590	0.6244267317610392
_x_00400_y_02880_step_06200_	0.1798234433834555	-0.1168025919423982	0.2034134498876048	34.2780525053955500	40.8289771096792933	44.2996439700059099	0.5415425640412053	0.8406466447151384	0.0066985118390048	-0.5284626834848472	0.3342159372008735	0.7804017551780211	0.6538033676080847	-0.4261606810231578	0.6252425373038899
_x_00400_y_03040_step_06200_	0.2070129229636259	-0.0539063326414564	0.2038847083160594	17.6224425369678883	48.8557983560766900	67.8175281770074037	0.2484163874385615	0.9686081514170755	0.0093566799865221	-0.6092584995015113	0.1487308248931041	0.7788987241687997	0.7530560266256036	-0.1991918440474219	0.6270799231580022
